probeset_ID	003017906010.CEL	003017906011.CEL	003017906012.CEL	003017906013.CEL	003017906014.CEL	003017906015.CEL	003017906016.CEL	003017911029.CEL	003017906018.CEL
1367452_at	0.015447538411468287	-0.0107839738124067	-0.004663564599059811	-0.05942613623679627	0.055949807713485455	-0.002927520804304251	6.899194027809585e-4	-0.009689873784225256	0.008999954381444297
1367453_at	-0.15227167509185868	0.027530446416994536	0.12474122867486237	0.0861294667412853	0.13405465101713432	0.0709101662754481	-0.006290146010661246	0.03582450618043431	-0.02953436016977129
1367454_at	-0.039847093291411895	-0.08543087182321685	0.12527796511462874	-0.04028185668317086	0.0475666337572882	0.10746394256698899	0.017185495776621096	-0.12089623355301704	0.10371073777639772
1367455_at	0.07053647758672987	-0.03895595608361546	-0.031580521503112635	0.016415513174807828	0.17856788495412879	0.22137315270195046	0.009199281288253758	0.009087303643173783	-0.01828658493142754
1367456_at	0.08329482638569985	-0.048570448339427585	-0.03472437804627049	0.023859248064852068	0.09102022508590224	0.09128580629794136	0.04987502102308383	0.06808330578348354	-0.11795832680656737
1367457_at	0.020731644875601418	-0.10104826350473495	0.08031661862913353	-0.017771032834779987	-0.050219339991755874	0.008033054705681053	0.04206580524432191	-0.058194698488511776	0.016128893244189868
1367458_at	-0.12077504224904523	0.16560404879362878	-0.04482900654458355	-0.17113684616685365	-0.09163351748412829	-0.09006469153054208	-0.021070739469999822	0.0773263941993001	-0.05625565472930294
1367459_at	0.012491280436965013	0.03076702226051964	-0.04325830269748465	0.07404758929953026	0.11268061237945659	0.12428038371851002	0.0608944471897388	-0.023837757513241797	-0.037056689676497
1367460_at	-0.0281912149459842	-0.001099500436030354	0.029290715382012777	-0.010571267613489255	-0.0033012691737503985	-0.08569678404431436	0.03304203270634254	0.015177778685606214	-0.048219811391946976
